62 125
63 143
66 161
70 179
78 195
88 209
101 221
114 231
129 233
144 231
158 221
171 209
182 195
190 179
194 161
197 143
198 125
72 112
80 103
93 101
106 103
118 109
142 108
154 102
167 100
179 102
188 111
130 128
130 142
129 155
129 169
117 177
123 179
129 180
136 179
142 177
85 129
93 123
104 124
112 132
103 134
92 134
147 132
156 124
166 123
174 128
167 134
157 134
105 198
115 195
123 192
129 194
135 192
144 195
153 199
144 208
135 212
129 213
122 212
114 208
110 199
123 199
129 200
135 199
148 199
135 201
129 202
123 201
209 130
134 234
0 255
255 255
0 0
0 128
0 255
128 255
255 255
255 128
255 0
128 0