64 130
65 147
68 164
72 180
80 195
91 208
104 219
117 227
132 230
147 227
160 218
172 207
182 193
188 178
192 161
194 144
195 127
72 112
79 102
91 99
104 100
116 106
142 105
154 100
166 98
179 102
187 111
129 125
129 137
130 149
130 161
117 170
124 172
130 173
137 171
143 170
85 129
93 124
103 125
111 131
102 133
92 133
148 130
156 124
166 124
174 128
166 132
156 132
107 193
115 188
124 185
130 186
136 185
145 188
154 192
146 201
137 205
131 206
124 205
116 201
111 193
124 192
131 193
136 192
150 192
137 195
131 195
124 195
216 126
134 247
0 255
255 255
0 0
0 128
0 255
128 255
255 255
255 128
255 0
128 0