62 134
63 151
66 167
69 183
76 198
87 209
101 217
116 223
131 224
145 222
158 215
171 206
180 194
186 179
190 163
192 147
193 130
73 114
80 105
92 101
105 102
117 107
142 105
153 100
165 99
177 102
184 111
129 125
130 135
130 145
130 155
118 167
124 168
130 168
136 167
141 166
86 129
94 124
104 124
112 131
103 133
94 133
146 130
154 123
163 122
171 127
164 131
155 132
107 192
116 185
124 181
129 182
135 180
143 185
151 191
143 198
136 200
130 201
124 201
116 198
111 192
124 188
130 188
135 188
147 191
135 191
130 192
124 192
205 124
129 237
0 255
255 255
0 0
0 128
0 255
128 255
255 255
255 128
255 0
128 0