62 130
63 147
66 164
69 181
76 196
85 209
98 220
112 228
127 230
142 228
156 221
169 210
178 197
185 182
188 166
192 149
193 131
70 114
78 105
90 101
103 102
115 107
140 107
152 103
165 102
177 106
185 116
127 126
126 137
126 148
125 159
114 170
119 171
126 172
132 171
138 170
83 128
91 124
101 124
109 131
100 133
90 133
145 132
153 125
163 125
171 130
164 134
154 134
104 195
112 189
120 185
126 187
131 185
140 190
149 196
141 203
132 206
126 207
120 206
112 203
108 195
120 193
126 193
132 193
145 196
132 196
126 196
120 196
218 130
126 247
0 255
255 255
0 0
0 128
0 255
128 255
255 255
255 128
255 0
128 0