61 145
62 162
65 178
69 195
76 210
87 222
101 231
117 237
133 239
149 236
164 229
177 219
187 206
192 190
195 173
196 156
195 139
71 118
78 107
90 103
103 103
115 108
139 107
151 101
164 100
176 105
183 115
128 126
128 137
129 148
129 158
118 171
124 172
130 173
136 172
142 171
86 132
93 124
103 124
111 133
102 135
93 135
145 132
153 123
163 123
170 129
164 133
154 133
107 200
115 191
124 186
130 187
136 186
145 190
154 199
146 205
137 209
131 209
124 209
116 206
111 199
124 194
130 194
136 194
149 198
137 199
130 200
124 199
196 126
131 250
0 255
255 255
0 0
0 128
0 255
128 255
255 255
255 128
255 0
128 0