60 134
62 151
65 168
69 185
76 200
87 214
101 224
116 233
132 235
148 232
162 223
175 211
184 197
189 181
192 164
194 147
194 130
70 117
79 108
91 104
104 105
117 110
142 110
153 104
166 103
179 106
186 115
129 127
130 139
130 151
131 163
118 172
124 173
131 175
137 173
143 171
85 130
93 125
103 125
111 132
102 134
92 134
148 132
156 125
166 124
173 130
166 134
156 134
105 194
115 189
124 186
131 188
137 186
146 189
156 194
147 203
138 207
131 208
124 207
115 204
110 195
124 193
131 194
137 193
151 194
138 198
131 198
124 198
208 125
133 250
0 255
255 255
0 0
0 128
0 255
128 255
255 255
255 128
255 0
128 0