69 137
70 152
71 166
74 181
80 195
88 207
101 216
114 223
129 225
145 223
160 217
173 208
183 197
189 182
191 166
193 150
193 134
76 116
83 107
95 103
106 105
117 110
138 109
149 103
162 102
173 106
182 114
127 125
127 135
127 146
126 156
116 166
121 167
127 168
134 167
140 166
88 129
95 124
104 124
112 131
104 132
95 132
145 131
153 123
162 123
169 128
163 132
153 132
105 188
114 183
122 179
128 181
134 179
144 183
154 188
144 195
135 198
128 199
122 198
114 196
109 188
122 186
128 187
134 186
150 188
134 190
128 190
122 190
209 127
130 250
0 255
255 255
0 0
0 128
0 255
128 255
255 255
255 128
255 0
128 0