60 140
61 158
63 176
67 193
75 210
86 224
100 234
115 242
131 245
147 242
162 234
176 223
186 208
193 192
197 174
199 155
200 137
70 118
77 107
90 103
103 103
115 108
141 107
154 102
167 102
180 107
187 117
129 128
129 139
129 150
129 161
116 173
122 175
129 176
136 175
143 173
85 131
93 125
103 125
111 133
102 135
92 135
147 133
155 125
165 125
173 131
166 135
156 135
106 203
114 195
124 190
129 192
135 190
145 195
154 203
145 212
136 216
130 217
123 216
114 212
110 203
123 198
129 199
135 198
149 202
136 205
129 206
123 205
214 134
130 254
0 255
255 255
0 0
0 128
0 255
128 255
255 255
255 128
255 0
128 0