63 130
64 147
67 163
71 180
78 195
89 208
102 218
116 226
132 229
147 226
161 217
173 206
182 192
188 177
191 160
193 144
194 126
71 115
79 105
91 102
104 102
116 107
140 106
152 101
165 100
178 104
186 113
128 125
128 136
129 148
129 160
117 169
123 170
129 171
136 170
142 168
85 129
93 124
102 124
111 131
102 133
92 133
147 130
155 123
164 123
172 127
165 131
155 132
107 191
115 186
124 182
130 184
136 182
145 185
154 190
146 199
137 204
131 205
124 204
116 200
111 191
124 190
130 190
136 189
150 190
137 194
130 195
124 194
211 128
133 249
0 255
255 255
0 0
0 128
0 255
128 255
255 255
255 128
255 0
128 0