57 134
58 152
60 169
64 186
71 202
82 214
97 223
113 229
129 231
144 229
157 221
169 212
177 199
183 184
186 168
189 152
190 135
70 114
79 104
91 100
105 101
117 106
143 106
155 102
167 102
178 106
184 117
130 125
130 136
131 147
131 158
117 169
124 170
130 171
136 170
143 169
85 127
93 122
102 123
111 130
102 131
92 131
146 131
155 124
164 124
171 130
164 133
155 133
107 195
116 188
125 184
130 186
136 184
143 189
151 196
143 200
136 202
130 203
124 202
116 200
111 195
124 192
130 192
136 192
146 195
136 193
130 194
124 193
209 129
126 250
0 255
255 255
0 0
0 128
0 255
128 255
255 255
255 128
255 0
128 0